NO-W,8.66618766e-01,   5.11742783e-01,   6.32500000e+02 
RF,8.68134390e-01,   6.16796374e-01,   6.30400000e+02 
ADA,8.40317463e-01,   6.17674327e-01,   6.33500000e+02 
MI,8.65233430e-01,   6.12209010e-01,   6.31000000e+02
NO-W,9.09099120e-01,   5.00469470e+01,   5.85580000e+03 
RF,9.10648554e-01,   6.12727717e+01,   5.85500000e+03 
ADA,8.89209266e-01,   5.77100584e+01,   5.86470000e+03 
MI,9.09878416e-01,   5.99087711e+01,   5.85680000e+03
NO-W,9.27238609e-01,   8.15146428e+01,   1.19098000e+04 
RF,9.50155530e-01,   1.02699051e+02,   1.18131000e+04 
ADA,9.16280798e-01,   1.05785879e+02,   1.18275000e+04 
MI,9.55399770e-01,   1.04231620e+02,   1.17790000e+04